,date,zip,rate per 100K,Unnamed: 3,city
0,2020-04-17,84040,47.37,52.11,Layton
1,2020-04-17,84041,47.37,52.11,Layton-2
2,2020-04-17,84405,47.37,52.11,Layton-Sout Weber
3,2020-04-17,84315,34.67,38.83,Hooper
4,2020-04-17,84015,34.67,38.83,Hooper-Clearfield
5,2020-04-17,84075,64.62,74.82,Syracuse
6,2020-04-17,84037,38.38,53.73,Kaysville
7,2020-04-17,84025,53.47,61.7,Farmington
8,2020-04-17,84087,75.11,81.37,West Bountiful
9,2020-04-17,84054,109.41,114.17,N Salt Lake
10,2020-04-17,84025,114.94,133.75,Bountiful
11,2020-04-17,84087,75.11,81.37,Woods Cross
12,2020-04-17,84014,96.9,96.9,Centerville
13,2020-04-17,84093,76.6,,
14,2020-04-17,84092,60.9,,
15,2020-04-17,84006,0.0,,
16,2020-04-17,84009,77.2,,
17,2020-04-17,84044,153.0,,
18,2020-04-17,84020,88.6,,
19,2020-04-17,84047,83.5,,
20,2020-04-17,84065,107.4,,
21,2020-04-17,84070,88.1,,
22,2020-04-17,84081,73.3,,
23,2020-04-17,84084,62.5,,
24,2020-04-17,84088,98.8,,
25,2020-04-17,84094,37.9,,
26,2020-04-17,84105,155.7,,
27,2020-04-17,84104,242.2,,
28,2020-04-17,84103,105.0,,
29,2020-04-17,84102,210.0,,
30,2020-04-17,84101,357.1,,
31,2020-04-17,84096,56.2,,
32,2020-04-17,84095,37.6,,
33,2020-04-17,84106,172.0,,
34,2020-04-17,84107,164.8,,
35,2020-04-17,84108,66.9,,
36,2020-04-17,84109,167.7,,
37,2020-04-17,84111,189.6,,
38,2020-04-17,84112,50.3,,
39,2020-04-17,84115,148.4,,
40,2020-04-17,84116,202.6,,
41,2020-04-17,84117,107.0,,
42,2020-04-17,84118,126.7,,
43,2020-04-17,84119,330.2,,
44,2020-04-17,84120,165.1,,
45,2020-04-17,84121,66.3,,
46,2020-04-17,84124,71.7,,
47,2020-04-17,84128,152.7,,
48,2020-04-17,84129,93.6,,
49,2020-04-17,84123,100.4,,
50,2020-04-22,84006,0.0,,
51,2020-04-22,84009,96.5,,
52,2020-04-22,84020,105.5,,
53,2020-04-22,84044,236.8,,
54,2020-04-22,84094,62.0,,
55,2020-04-22,84093,85.1,,
56,2020-04-22,84095,47.5,,
57,2020-04-22,84096,85.3,,
58,2020-04-22,84101,462.1,,
59,2020-04-22,84092,74.4,,
60,2020-04-22,84088,104.2,,
61,2020-04-22,84084,80.8,,
62,2020-04-22,84081,88.0,,
63,2020-04-22,84065,125.8,,
64,2020-04-22,84047,116.3,,
65,2020-04-22,84070,116.4,,
66,2020-04-22,84102,237.6,,
67,2020-04-22,84103,109.5,,
68,2020-04-22,84104,322.9,,
69,2020-04-22,84105,164.6,,
70,2020-04-22,84106,241.4,,
71,2020-04-22,84107,176.6,,
72,2020-04-22,84108,80.2,,
73,2020-04-22,84109,175.9,,
74,2020-04-22,84111,230.8,,
75,2020-04-22,84112,50.3,,
76,2020-04-22,84115,215.2,,
77,2020-04-22,84116,265.4,,
78,2020-04-22,84117,107.0,,
79,2020-04-22,84118,195.2,,
80,2020-04-22,84119,419.2,,
81,2020-04-22,84120,249.5,,
82,2020-04-22,84121,93.2,,
83,2020-04-22,84123,141.6,,
84,2020-04-22,84124,89.7,,
85,2020-04-22,84128,223.4,,
86,2020-04-22,84129,127.4,,
87,2020-04-22,84040,52.11,,
88,2020-04-22,84041,52.11,,
89,2020-04-22,84405,52.11,,
90,2020-04-22,84315,38.83,,
91,2020-04-22,84015,38.83,,
92,2020-04-22,84075,74.82,,
93,2020-04-22,84037,53.73,,
94,2020-04-22,84025,61.7,,
95,2020-04-22,84087,81.37,,
96,2020-04-22,84054,114.17,,
97,2020-04-22,84025,133.75,,
98,2020-04-22,84087,81.37,,
99,2020-04-22,84014,96.9,,
