,Location,Population,Total_Cases,Total_Deaths,Total_Hospitalizations,Case/100K,Hosp/100K,DeathRate%ofConfirmed
0,US,328239523,1173257.0,62806.0,127397.0,357.4392837513355,38.812206048690854,5.3531323486670015
1,Utah,3205958,5317.0,50.0,441.0,165.84746275528252,13.755638720157906,0.9403799134850479
2,Salt Lake Co,1160437,2769.0,31.0,251.0,238.61700376668443,21.6297825732892,1.119537739256049
3,Davis Co,355481,299.0,2.0,24.0,84.1113871064839,6.7514156874769675,0.6688963210702341
4,Weber Co,260213,167.0,2.0,21.0,64.17819248077537,8.070311629319058,1.1976047904191618
5,HAFB,27650,12.0,0.0,0.0,43.399638336347195,0.0,0.0
6,75 ABW (AD),2700,0.0,0.0,0.0,0.0,0.0,
7,388 FW (AD),2011,0.0,0.0,0.0,0.0,0.0,
8,419 FW (RS),0,1.0,0.0,0.0,inf,,0.0
