,date,zip,rate,Unnamed: 3,city
0,2020-04-17,84040,47.37,52.11,Layton
1,2020-04-17,84041,47.37,52.11,Layton-2
2,2020-04-17,84405,47.37,52.11,Layton-Sout Weber
3,2020-04-17,84315,34.67,38.83,Hooper
4,2020-04-17,84015,34.67,38.83,Hooper-Clearfield
5,2020-04-17,84075,64.62,74.82,Syracuse
6,2020-04-17,84037,38.38,53.73,Kaysville
7,2020-04-17,84025,53.47,61.7,Farmington
8,2020-04-17,84087,75.11,81.37,West Bountiful
9,2020-04-17,84054,109.41,114.17,N Salt Lake
10,2020-04-17,84025,114.94,133.75,Bountiful
11,2020-04-17,84087,75.11,81.37,Woods Cross
12,2020-04-17,84014,96.9,96.9,Centerville
13,2020-04-17,84093,76.6,,
14,2020-04-17,84092,60.9,,
15,2020-04-17,84006,0.0,,
16,2020-04-17,84009,77.2,,
17,2020-04-17,84044,153.0,,
18,2020-04-17,84020,88.6,,
19,2020-04-17,84047,83.5,,
20,2020-04-17,84065,107.4,,
21,2020-04-17,84070,88.1,,
22,2020-04-17,84081,73.3,,
23,2020-04-17,84084,62.5,,
24,2020-04-17,84088,98.8,,
25,2020-04-17,84094,37.9,,
26,2020-04-17,84105,155.7,,
27,2020-04-17,84104,242.2,,
28,2020-04-17,84103,105.0,,
29,2020-04-17,84102,210.0,,
30,2020-04-17,84101,357.1,,
31,2020-04-17,84096,56.2,,
32,2020-04-17,84095,37.6,,
33,2020-04-17,84106,172.0,,
34,2020-04-17,84107,164.8,,
35,2020-04-17,84108,66.9,,
36,2020-04-17,84109,167.7,,
37,2020-04-17,84111,189.6,,
38,2020-04-17,84112,50.3,,
39,2020-04-17,84115,148.4,,
40,2020-04-17,84116,202.6,,
41,2020-04-17,84117,107.0,,
42,2020-04-17,84118,126.7,,
43,2020-04-17,84119,330.2,,
44,2020-04-17,84120,165.1,,
45,2020-04-17,84121,66.3,,
46,2020-04-17,84124,71.7,,
47,2020-04-17,84128,152.7,,
48,2020-04-17,84129,93.6,,
49,2020-04-17,84123,100.4,,
50,2020-04-22,84006,0.0,,
51,2020-04-22,84009,96.5,,
52,2020-04-22,84020,105.5,,
53,2020-04-22,84044,236.8,,
54,2020-04-22,84094,62.0,,
55,2020-04-22,84093,85.1,,
56,2020-04-22,84095,47.5,,
57,2020-04-22,84096,85.3,,
58,2020-04-22,84101,462.1,,
59,2020-04-22,84092,74.4,,
60,2020-04-22,84088,104.2,,
61,2020-04-22,84084,80.8,,
62,2020-04-22,84081,88.0,,
63,2020-04-22,84065,125.8,,
64,2020-04-22,84047,116.3,,
65,2020-04-22,84070,116.4,,
66,2020-04-22,84102,237.6,,
67,2020-04-22,84103,109.5,,
68,2020-04-22,84104,322.9,,
69,2020-04-22,84105,164.6,,
70,2020-04-22,84106,241.4,,
71,2020-04-22,84107,176.6,,
72,2020-04-22,84108,80.2,,
73,2020-04-22,84109,175.9,,
74,2020-04-22,84111,230.8,,
75,2020-04-22,84112,50.3,,
76,2020-04-22,84115,215.2,,
77,2020-04-22,84116,265.4,,
78,2020-04-22,84117,107.0,,
79,2020-04-22,84118,195.2,,
80,2020-04-22,84119,419.2,,
81,2020-04-22,84120,249.5,,
82,2020-04-22,84121,93.2,,
83,2020-04-22,84123,141.6,,
84,2020-04-22,84124,89.7,,
85,2020-04-22,84128,223.4,,
86,2020-04-22,84129,127.4,,
87,2020-04-22,84040,52.11,,
88,2020-04-22,84041,52.11,,
89,2020-04-22,84405,52.11,,
90,2020-04-22,84315,38.83,,
91,2020-04-22,84015,38.83,,
92,2020-04-22,84075,74.82,,
93,2020-04-22,84037,53.73,,
94,2020-04-22,84025,61.7,,
95,2020-04-22,84087,81.37,,
96,2020-04-22,84054,114.17,,
97,2020-04-22,84025,133.75,,
98,2020-04-22,84087,81.37,,
99,2020-04-22,84014,96.9,,
0,2020-04-16,84056,18.19,,Hill
1,2020-04-16,84310,18.19,,Weber
2,2020-04-16,84317,18.19,,Weber
3,2020-04-16,84067,18.19,,Weber
4,2020-04-16,84403,18.19,,Weber
5,2020-04-16,84401,18.19,,Weber
6,2020-04-16,84414,18.19,,Weber
7,2020-04-16,84404,18.19,,Weber
8,2020-04-16,84315,34.67,,Hooper
9,2020-04-16,84015,34.67,,Hooper-Clearfield
10,2020-04-16,84075,61.22,,Syracuse
11,2020-04-16,84040,46.19,,Layton
12,2020-04-16,84041,46.19,,Layton2
13,2020-04-16,84405,46.19,,Layton-South Weber
14,2020-04-16,84037,38.38,,Kaysville
15,2020-04-16,84025,49.36,,Farmington
16,2020-04-16,84014,96.9,,Centerville
17,2020-04-16,84010,75.11,,Woods Cross
18,2020-04-16,84054,109.41,,N Salt Lake
19,2020-04-16,84025,114.94,,Bountiful
20,2020-04-16,84087,75.1,,West Bountiful
0,2020-04-16,84006.0,0.0,,
1,2020-04-16,84009.0,74.4,,
2,2020-04-16,84020.0,78.1,,
3,2020-04-16,84044.0,142.1,,
4,2020-04-16,84047.0,80.5,,
5,2020-04-16,84065.0,104.8,,
6,2020-04-16,84070.0,77.6,,
7,2020-04-16,84081.0,71.2,,
8,2020-04-16,84084.0,59.9,,
9,2020-04-16,84088.0,90.8,,
10,2020-04-16,84092.0,57.5,,
11,2020-04-16,84093.0,76.6,,
12,2020-04-16,84094.0,31.0,,
13,2020-04-16,84095.0,35.6,,
14,2020-04-16,84096.0,52.0,,
15,2020-04-16,84101.0,357.1,,
16,2020-04-16,84102.0,210.0,,
17,2020-04-16,84103.0,105.0,,
18,2020-04-16,84104.0,222.9,,
19,2020-04-16,84105.0,160.2,,
20,2020-04-16,84106.0,160.9,,
21,2020-04-16,84107.0,161.9,,
22,2020-04-16,84108.0,62.4,,
23,2020-04-16,84109.0,159.5,,
24,2020-04-16,84111.0,173.1,,
25,2020-04-16,84112.0,50.3,,
26,2020-04-16,84115.0,141.0,,
27,2020-04-16,84116.0,196.9,,
28,2020-04-16,84117.0,107.0,,
29,2020-04-16,84118.0,116.6,,
30,2020-04-16,84119.0,256.0,,
31,2020-04-16,84120.0,151.6,,
32,2020-04-16,84121.0,66.3,,
33,2020-04-16,84123.0,95.3,,
34,2020-04-16,84124.0,71.7,,
35,2020-04-16,84128.0,148.9,,
36,2020-04-16,84129.0,85.8,,
